1,0.4500059448614497,29.004310024551017
2,1.1500059448613658,29.004310024490163
3,1.8480562197552264,27.59075932253915
4,2.54805621975553,27.59075932275953
1,3.500005944862086,29.004310025012433
2,4.200005944860381,29.004310023776206
3,4.898056219754913,27.590759322312163
4,5.5980562197541195,27.590759321736652
1,6.560005944857741,29.004310021862008
2,7.260005944863351,29.004310025929186
3,7.9580562197550675,27.590759322423885
4,8.658056219753362,27.5907593211877
1,9.630005944868525,29.004310029681243
2,10.33000594486382,29.004310026270467
3,11.028056219753912,27.590759321586777
4,11.728056219758617,27.59075932499783
1,12.680005944882192,29.004310039588738
2,13.380005944881171,29.004310038848985
3,14.078056219748424,27.590759317607294
4,14.778056219753129,27.590759321018346
1,15.740005944858959,29.004310022744836
2,16.44000594485112,29.00431001706099
3,17.13805621975306,27.590759320968605
4,17.838056219784796,27.590759343977005
1,18.79000594480757,29.00430998548837
2,19.49000594484936,29.00431001578601
3,20.18805621977963,27.59075934022982
4,20.888056219755608,27.59075932281491
1,21.85000594487135,29.00431003172765
2,22.550005944825873,29.004309998757943
3,23.248056219735567,27.590759308285772
4,23.94805621974576,27.590759315675022
1,24.900005944860606,29.00431002393868
2,25.600005944776477,29.004309962945168
3,26.298056219796685,27.59075935259584
4,26.998056219750662,27.590759319229512
1,27.950005944847828,29.004310014673823
2,28.65000594482744,29.004309999893835
3,29.34805621971981,27.59075929685989
4,30.048056219749053,27.590759318062712
1,31.010005944771617,29.00430995942211
2,31.71000594475123,29.00430994464212
3,32.4080562197669,27.590759331001024
4,33.10805621982233,27.59075937118946
1,34.06000594492578,29.004310071190215
2,34.760005944852374,29.004310017972795
3,35.45805621971738,27.590759295100675
4,36.15805621969699,27.59075928031815
1,37.11000594502408,29.004310142455164
2,37.81000594485316,29.004310018539453
3,38.50805621981852,27.5907593684262
4,39.20805621979813,27.590759353643673
1,40.1600059449121,29.004310061273703
2,40.86000594506816,29.00431017441672
3,41.558056219754526,27.590759322032376
4,42.25805621979892,27.590759354215482
1,43.21000594492529,29.004310070834766
2,43.910005944854724,29.00431001967277
3,44.60805621988965,27.59075941999206
4,45.308056219729046,27.590759303556272
1,46.260005944803744,29.00430998271432
2,46.96000594480533,29.004309983865145
3,47.65805621979485,27.59075935126677
4,48.35805621985067,27.590759391733382
1,49.31000594472614,29.0043099264555
