time            x            y            
 1581683804.000   556612.945  5932613.508 
 1581683805.000   556612.945  5932613.508 
 1581683806.000   556612.945  5932613.508 
 1581683807.000   556612.879  5932613.507 
 1581683808.000   556612.814  5932613.395 
 1581683809.000   556612.681  5932613.394 
 1581683810.000   556612.683  5932613.282 
 1581683811.000   556612.616  5932613.282 
 1581683812.000   556612.683  5932613.282 
 1581683813.000   556612.683  5932613.282 
 1581683814.000   556612.748  5932613.394 
 1581683815.000   556612.748  5932613.394 
 1581683816.000   556612.680  5932613.505 
 1581683817.000   556612.680  5932613.505 
 1581683818.000   556612.745  5932613.617 
 1581683819.000   556612.611  5932613.727 
 1581683820.000   556612.543  5932613.837 
 1581683821.000   556612.476  5932613.948 
 1581683822.000   556612.542  5932613.948 
 1581683823.000   556612.542  5932613.948 
 1581683824.000   556612.542  5932613.948 
 1581683825.000   556612.608  5932613.949 
 1581683826.000   556612.608  5932613.949 
 1581683827.000   556612.608  5932613.949 
 1581683828.000   556612.608  5932613.949 
 1581683829.000   556612.608  5932613.949 
 1581683830.000   556612.676  5932613.839 
 1581683831.000   556612.610  5932613.838 
 1581683832.000   556612.610  5932613.838 
 1581683833.000   556612.610  5932613.838 
 1581683834.000   556612.611  5932613.727 
 1581683835.000   556612.612  5932613.615 
 1581683836.000   556612.480  5932613.614 
 1581683837.000   556612.480  5932613.614 
 1581683838.000   556612.415  5932613.502 
 1581683839.000   556612.415  5932613.502 
 1581683840.000   556612.414  5932613.613 
 1581683841.000   556612.282  5932613.500 
 1581683842.000   556612.217  5932613.388 
 1581683843.000   556612.217  5932613.388 
 1581683844.000   556612.151  5932613.387 
 1581683845.000   556612.152  5932613.276 
 1581683846.000   556612.152  5932613.276 
 1581683847.000   556611.955  5932613.162 
 1581683848.000   556611.956  5932613.051 
 1581683849.000   556611.824  5932613.050 
 1581683850.000   556611.494  5932612.934 
 1581683851.000   556611.230  5932612.820 
 1581683852.000   556610.968  5932612.594 
 1581683853.000   556610.835  5932612.593 
 1581683854.000   556610.635  5932612.702 
 1581683855.000   556610.371  5932612.587 
 1581683856.000   556610.106  5932612.584 
 1581683857.000   556609.776  5932612.469 
 1581683858.000   556609.445  5932612.465 
 1581683859.000   556609.115  5932612.350 
 1581683860.000   556608.785  5932612.234 
 1581683861.000   556608.388  5932612.118 
 1581683862.000   556608.057  5932612.114 
 1581683863.000   556607.661  5932611.998 
 1581683864.000   556607.331  5932611.883 
 1581683865.000   556607.001  5932611.768 
 1581683866.000   556606.605  5932611.652 
 1581683867.000   556606.273  5932611.648 
 1581683868.000   556605.876  5932611.643 
 1581683869.000   556605.481  5932611.416 
 1581683870.000   556605.086  5932611.189 
 1581683871.000   556604.756  5932611.073 
 1581683872.000   556604.361  5932610.846 
 1581683873.000   556604.031  5932610.731 
 1581683874.000   556603.701  5932610.616 
 1581683875.000   556603.304  5932610.500 
 1581683876.000   556603.043  5932610.163 
 1581683877.000   556602.715  5932609.936 
 1581683878.000   556602.385  5932609.821 
 1581683879.000   556601.987  5932609.816 
 1581683880.000   556601.658  5932609.590 
 1581683881.000   556601.396  5932609.364 
 1581683882.000   556601.135  5932609.027 
 1581683883.000   556600.806  5932608.801 
 1581683884.000   556600.479  5932608.463 
 1581683885.000   556600.215  5932608.349 
 1581683886.000   556599.886  5932608.122 
 1581683887.000   556599.558  5932607.896 
 1581683888.000   556599.229  5932607.669 
 1581683889.000   556598.965  5932607.555 
 1581683890.000   556598.637  5932607.328 
 1581683891.000   556598.308  5932607.102 
 1581683892.000   556597.912  5932606.986 
 1581683893.000   556597.583  5932606.759 
 1581683894.000   556597.253  5932606.644 
 1581683895.000   556596.858  5932606.417 
 1581683896.000   556596.529  5932606.190 
 1581683897.000   556596.199  5932606.075 
 1581683898.000   556595.804  5932605.848 
 1581683899.000   556595.474  5932605.733 
 1581683900.000   556595.146  5932605.506 
 1581683901.000   556594.749  5932605.390 
 1581683902.000   556594.421  5932605.164 
 1581683903.000   556594.091  5932605.048 
 1581683904.000   556593.761  5932604.933 
 1581683905.000   556593.500  5932604.596 
 1581683906.000   556593.237  5932604.371 
 1581683907.000   556592.976  5932604.034 
 1581683908.000   556592.649  5932603.696 
 1581683909.000   556592.318  5932603.692 
 1581683910.000   556592.051  5932603.800 
 1581683911.000   556591.720  5932603.796 
 1581683912.000   556591.388  5932603.792 
 1581683913.000   556590.992  5932603.676 
 1581683914.000   556590.597  5932603.449 
 1581683915.000   556590.267  5932603.334 
 1581683916.000   556589.939  5932603.107 
 1581683917.000   556589.544  5932602.880 
 1581683918.000   556589.215  5932602.653 
 1581683919.000   556588.886  5932602.427 
 1581683920.000   556588.622  5932602.313 
 1581683921.000   556588.294  5932602.086 
 1581683922.000   556587.898  5932601.970 
 1581683923.000   556587.635  5932601.744 
 1581683924.000   556587.306  5932601.518 
 1581683925.000   556586.978  5932601.291 
 1581683926.000   556586.648  5932601.176 
 1581683927.000   556586.316  5932601.172 
 1581683928.000   556585.988  5932600.946 
 1581683929.000   556585.659  5932600.719 
 1581683930.000   556585.330  5932600.493 
 1581683931.000   556585.002  5932600.266 
 1581683932.000   556584.673  5932600.040 
 1581683933.000   556584.411  5932599.814 
 1581683934.000   556584.082  5932599.588 
 1581683935.000   556583.753  5932599.361 
 1581683936.000   556583.425  5932599.135 
 1581683937.000   556583.096  5932598.908 
 1581683938.000   556582.767  5932598.682 
 1581683939.000   556582.439  5932598.455 
 1581683940.000   556582.176  5932598.230 
 1581683941.000   556581.780  5932598.114 
 1581683942.000   556581.450  5932597.999 
 1581683943.000   556581.120  5932597.883 
 1581683944.000   556580.791  5932597.657 
 1581683945.000   556580.461  5932597.542 
 1581683946.000   556580.132  5932597.315 
 1581683947.000   556579.802  5932597.200 
 1581683948.000   556579.472  5932597.085 
 1581683949.000   556579.076  5932596.969 
 1581683950.000   556578.814  5932596.743 
 1581683951.000   556578.549  5932596.740 
 1581683952.000   556578.217  5932596.736 
 1581683953.000   556577.887  5932596.621 
 1581683954.000   556577.491  5932596.505 
 1581683955.000   556577.161  5932596.389 
 1581683956.000   556576.831  5932596.274 
 1581683957.000   556576.433  5932596.269 
 1581683958.000   556576.103  5932596.154 
 1581683959.000   556575.838  5932596.151 
 1581683960.000   556575.706  5932596.149 
 1581683961.000   556575.772  5932596.150 
 1581683962.000   556575.838  5932596.151 
 1581683963.000   556575.969  5932596.264 
 1581683964.000   556576.036  5932596.265 
 1581683965.000   556575.834  5932596.485 
 1581683966.000   556575.634  5932596.594 
 1581683967.000   556575.234  5932596.811 
 1581683968.000   556574.834  5932597.029 
 1581683969.000   556574.432  5932597.358 
 1581683970.000   556574.097  5932597.688 
 1581683971.000   556573.696  5932597.906 
 1581683972.000   556573.361  5932598.235 
 1581683973.000   556572.961  5932598.453 
 1581683974.000   556572.560  5932598.671 
 1581683975.000   556572.226  5932598.889 
 1581683976.000   556571.892  5932599.108 
 1581683977.000   556571.492  5932599.326 
 1581683978.000   556571.158  5932599.544 
 1581683979.000   556570.824  5932599.763 
 1581683980.000   556570.424  5932599.980 
 1581683981.000   556570.090  5932600.199 
 1581683982.000   556569.756  5932600.417 
 1581683983.000   556569.422  5932600.636 
 1581683984.000   556569.088  5932600.855 
 1581683985.000   556568.754  5932601.073 
 1581683986.000   556568.420  5932601.292 
 1581683987.000   556568.086  5932601.510 
 1581683988.000   556567.818  5932601.729 
 1581683989.000   556567.484  5932601.948 
 1581683990.000   556567.150  5932602.166 
 1581683991.000   556566.816  5932602.385 
 1581683992.000   556566.482  5932602.604 
 1581683993.000   556566.148  5932602.822 
 1581683994.000   556565.814  5932603.041 
 1581683995.000   556565.480  5932603.259 
 1581683996.000   556565.146  5932603.478 
 1581683997.000   556564.812  5932603.696 
 1581683998.000   556564.478  5932603.915 
 1581683999.000   556564.143  5932604.244 
 1581684000.000   556563.809  5932604.463 
 1581684001.000   556563.475  5932604.682 
 1581684002.000   556563.140  5932604.900 
 1581684003.000   556562.806  5932605.119 
 1581684004.000   556562.471  5932605.448 
 1581684005.000   556562.203  5932605.668 
 1581684006.000   556561.869  5932605.886 
 1581684007.000   556561.535  5932606.105 
 1581684008.000   556561.268  5932606.324 
 1581684009.000   556560.932  5932606.654 
 1581684010.000   556560.665  5932606.873 
 1581684011.000   556560.331  5932607.092 
 1581684012.000   556560.063  5932607.311 
 1581684013.000   556559.729  5932607.530 
 1581684014.000   556559.460  5932607.860 
 1581684015.000   556559.126  5932608.079 
 1581684016.000   556558.858  5932608.298 
 1581684017.000   556558.524  5932608.516 
 1581684018.000   556558.255  5932608.847 
 1581684019.000   556557.921  5932609.066 
 1581684020.000   556557.653  5932609.285 
 1581684021.000   556557.452  5932609.505 
 1581684022.000   556557.571  5932610.619 
 1581684023.000   556558.367  5932610.517 
 1581684024.000   556557.782  5932609.620 
 1581684025.000   556558.244  5932609.737 
 1581684026.000   556557.515  5932609.728 
 1581684027.000   556557.837  5932610.511 
 1581684028.000   556557.572  5932610.508 
 1581684029.000   556557.167  5932611.171 
 1581684030.000   556556.695  5932611.832 
 1581684031.000   556556.624  5932612.165 
 1581684032.000   556556.357  5932612.385 
 1581684033.000   556556.024  5932612.492 
 1581684034.000   556555.759  5932612.489 
 1581684035.000   556556.155  5932612.605 
 1581684036.000   556557.217  5932612.506 
 1581684037.000   556558.339  5932612.854 
 1581684038.000   556557.671  5932613.291 
 1581684039.000   556558.134  5932613.407 
 1581684040.000   556558.199  5932613.519 
 1581684041.000   556557.992  5932614.185 
 1581684042.000   556557.197  5932614.175 
 1581684043.000   556557.001  5932613.950 
 1581684044.000   556556.669  5932613.946 
 1581684045.000   556556.607  5932613.612 
 1581684046.000   556556.138  5932614.051 
 1581684047.000   556555.879  5932613.492 
 1581684048.000   556555.819  5932613.046 
 1581684049.000   556555.817  5932613.157 
 1581684050.000   556555.417  5932613.375 
 1581684051.000   556555.083  5932613.593 
 1581684052.000   556555.014  5932613.815 
 1581684053.000   556554.814  5932613.924 
 1581684054.000   556554.615  5932613.922 
 1581684055.000   556554.549  5932613.921 
 1581684056.000   556554.483  5932613.920 
 1581684057.000   556554.282  5932614.029 
 1581684058.000   556554.285  5932613.806 
 1581684059.000   556554.151  5932613.916 
 1581684060.000   556553.954  5932613.802 
 1581684061.000   556553.889  5932613.690 
 1581684062.000   556553.821  5932613.801 
 1581684063.000   556553.820  5932613.912 
 1581684064.000   556553.751  5932614.134 
 1581684065.000   556553.748  5932614.356 
 1581684066.000   556553.747  5932614.468 
 1581684067.000   556553.744  5932614.690 
 1581684068.000   556553.810  5932614.691 
 1581684069.000   556553.812  5932614.580 
 1581684070.000   556553.813  5932614.468 
 1581684071.000   556553.881  5932614.358 
 1581684072.000   556553.881  5932614.358 
 1581684073.000   556553.882  5932614.247 
 1581684074.000   556554.081  5932614.249 
 1581684075.000   556554.212  5932614.362 
 1581684076.000   556554.276  5932614.585 
 1581684077.000   556554.205  5932614.918 
 1581684078.000   556554.070  5932615.139 
 1581684079.000   556553.935  5932615.360 
 1581684080.000   556553.867  5932615.470 
 1581684081.000   556553.601  5932615.578 
 1581684082.000   556553.601  5932615.578 
 1581684083.000   556553.601  5932615.578 
 1581684084.000   556553.667  5932615.579 
 1581684085.000   556553.667  5932615.579 
 1581684086.000   556553.736  5932615.357 
 1581684087.000   556553.805  5932615.136 
 1581684088.000   556553.742  5932614.913 
 1581684089.000   556553.612  5932614.688 
 1581684090.000   556553.482  5932614.464 
 1581684091.000   556553.484  5932614.242 
 1581684092.000   556553.420  5932614.130 
 1581684093.000   556553.486  5932614.131 
 1581684094.000   556553.549  5932614.354 
 1581684095.000   556553.549  5932614.354 
 1581684096.000   556553.617  5932614.243 
 1581684097.000   556553.617  5932614.243 
 1581684098.000   556553.617  5932614.243 
 1581684099.000   556553.817  5932614.135 
 1581684100.000   556554.020  5932613.803 
 1581684101.000   556554.288  5932613.584 
 1581684102.000   556554.623  5932613.254 
 1581684103.000   556554.957  5932613.036 
 1581684104.000   556555.292  5932612.706 
 1581684105.000   556555.559  5932612.598 
 1581684106.000   556555.693  5932612.488 
 1581684107.000   556555.694  5932612.377 
 1581684108.000   556555.494  5932612.486 
 1581684109.000   556555.494  5932612.486 
 1581684110.000   556555.560  5932612.486 
 1581684111.000   556555.825  5932612.490 
 1581684112.000   556556.090  5932612.493 
 1581684113.000   556556.488  5932612.498 
 1581684114.000   556556.818  5932612.613 
 1581684115.000   556557.282  5932612.618 
 1581684116.000   556557.744  5932612.735 
 1581684117.000   556557.943  5932612.738 
 1581684118.000   556558.208  5932612.741 
 1581684119.000   556558.540  5932612.745 
 1581684120.000   556558.805  5932612.748 
 1581684121.000   556559.136  5932612.752 
 1581684122.000   556559.534  5932612.757 
 1581684123.000   556559.864  5932612.872 
 1581684124.000   556560.261  5932612.877 
 1581684125.000   556560.725  5932612.882 
 1581684126.000   556561.058  5932612.775 
 1581684127.000   556561.190  5932612.776 
 1581684128.000   556561.190  5932612.776 
 1581684129.000   556561.124  5932612.776 
 1581684130.000   556561.124  5932612.776 
 1581684131.000   556561.255  5932612.888 
 1581684132.000   556561.519  5932613.003 
 1581684133.000   556561.781  5932613.229 
 1581684134.000   556562.044  5932613.454 
 1581684135.000   556562.306  5932613.680 
 1581684136.000   556562.635  5932613.906 
 1581684137.000   556562.965  5932614.022 
 1581684138.000   556563.227  5932614.247 
 1581684139.000   556563.556  5932614.474 
 1581684140.000   556563.886  5932614.589 
 1581684141.000   556564.216  5932614.704 
 1581684142.000   556564.545  5932614.931 
 1581684143.000   556564.876  5932614.935 
 1581684144.000   556565.206  5932615.050 
 1581684145.000   556565.537  5932615.054 
 1581684146.000   556565.867  5932615.169 
 1581684147.000   556566.197  5932615.284 
 1581684148.000   556566.527  5932615.399 
 1581684149.000   556566.857  5932615.515 
 1581684150.000   556567.189  5932615.519 
 1581684151.000   556567.585  5932615.635 
 1581684152.000   556567.849  5932615.749 
 1581684153.000   556568.046  5932615.863 
 1581684154.000   556568.310  5932615.977 
 1581684155.000   556568.641  5932615.981 
 1581684156.000   556568.971  5932616.096 
 1581684157.000   556569.303  5932616.100 
 1581684158.000   556569.566  5932616.215 
 1581684159.000   556569.896  5932616.330 
 1581684160.000   556570.160  5932616.444 
 1581684161.000   556570.492  5932616.448 
 1581684162.000   556570.822  5932616.564 
 1581684163.000   556571.219  5932616.568 
 1581684164.000   556571.484  5932616.572 
 1581684165.000   556571.684  5932616.463 
 1581684166.000   556572.016  5932616.467 
 1581684167.000   556572.280  5932616.581 
 1581684168.000   556572.610  5932616.696 
 1581684169.000   556572.941  5932616.700 
 1581684170.000   556573.337  5932616.816 
 1581684171.000   556573.667  5932616.931 
 1581684172.000   556573.997  5932617.047 
 1581684173.000   556574.395  5932617.051 
 1581684174.000   556574.725  5932617.167 
 1581684175.000   556575.055  5932617.282 
 1581684176.000   556575.385  5932617.397 
 1581684177.000   556575.715  5932617.512 
 1581684178.000   556576.046  5932617.516 
 1581684179.000   556576.376  5932617.632 
 1581684180.000   556576.706  5932617.747 
 1581684181.000   556577.038  5932617.751 
 1581684182.000   556577.434  5932617.867 
 1581684183.000   556577.765  5932617.871 
 1581684184.000   556578.096  5932617.875 
 1581684185.000   556578.427  5932617.990 
 1581684186.000   556578.758  5932617.994 
 1581684187.000   556579.023  5932617.997 
 1581684188.000   556579.289  5932617.889 
 1581684189.000   556579.554  5932617.892 
 1581684190.000   556579.955  5932617.674 
 1581684191.000   556580.287  5932617.567 
 1581684192.000   556580.621  5932617.349 
 1581684193.000   556580.954  5932617.241 
 1581684194.000   556581.287  5932617.134 
 1581684195.000   556581.619  5932617.027 
 1581684196.000   556581.886  5932616.919 
 1581684197.000   556582.285  5932616.812 
 1581684198.000   556582.485  5932616.703 
 1581684199.000   556582.685  5932616.594 
 1581684200.000   556583.018  5932616.487 
 1581684201.000   556583.350  5932616.380 
 1581684202.000   556583.617  5932616.272 
 1581684203.000   556583.617  5932616.272 
 1581684204.000   556583.617  5932616.272 
 1581684205.000   556583.814  5932616.386 
 1581684206.000   556584.078  5932616.500 
 1581684207.000   556584.275  5932616.614 
 1581684208.000   556584.538  5932616.839 
 1581684209.000   556584.802  5932616.954 
 1581684210.000   556585.130  5932617.180 
 1581684211.000   556585.394  5932617.295 
 1581684212.000   556585.724  5932617.410 
 1581684213.000   556586.054  5932617.525 
 1581684214.000   556586.384  5932617.640 
 1581684215.000   556586.648  5932617.755 
 1581684216.000   556586.978  5932617.870 
 1581684217.000   556587.374  5932617.986 
 1581684218.000   556587.704  5932618.101 
 1581684219.000   556588.034  5932618.216 
 1581684220.000   556588.365  5932618.220 
 1581684221.000   556588.696  5932618.336 
 1581684222.000   556589.026  5932618.451 
 1581684223.000   556589.356  5932618.566 
 1581684224.000   556589.686  5932618.681 
 1581684225.000   556590.017  5932618.685 
 1581684226.000   556590.413  5932618.801 
 1581684227.000   556590.745  5932618.805 
 1581684228.000   556591.075  5932618.920 
 1581684229.000   556591.405  5932619.036 
 1581684230.000   556591.736  5932619.040 
 1581684231.000   556592.066  5932619.155 
 1581684232.000   556592.328  5932619.380 
 1581684233.000   556592.657  5932619.607 
 1581684234.000   556592.921  5932619.721 
 1581684235.000   556593.251  5932619.837 
 1581684236.000   556593.514  5932619.951 
 1581684237.000   556593.777  5932620.177 
 1581684238.000   556594.107  5932620.292 
 1581684239.000   556594.369  5932620.518 
 1581684240.000   556594.699  5932620.633 
 1581684241.000   556595.029  5932620.748 
 1581684242.000   556595.292  5932620.974 
 1581684243.000   556595.622  5932621.089 
 1581684244.000   556595.884  5932621.315 
 1581684245.000   556596.148  5932621.429 
 1581684246.000   556596.477  5932621.655 
 1581684247.000   556596.740  5932621.770 
 1581684248.000   556597.069  5932621.996 
 1581684249.000   556597.333  5932622.111 
 1581684250.000   556597.596  5932622.225 
 1581684251.000   556597.925  5932622.452 
 1581684252.000   556598.189  5932622.566 
 1581684253.000   556598.518  5932622.793 
 1581684254.000   556598.781  5932622.907 
 1581684255.000   556598.979  5932623.021 
 1581684256.000   556599.045  5932623.021 
 1581684257.000   556599.045  5932623.021 
 1581684258.000   556599.179  5932622.912 
 1581684259.000   556599.179  5932622.912 
 1581684260.000   556599.245  5932622.913 
 1581684261.000   556599.245  5932622.913 
 1581684262.000   556599.245  5932622.913 
 1581684263.000   556599.246  5932622.801 
 1581684264.000   556599.246  5932622.801 
 1581684265.000   556599.182  5932622.689 
 1581684266.000   556599.250  5932622.468 
 1581684267.000   556599.453  5932622.136 
 1581684268.000   556599.721  5932621.917 
 1581684269.000   556599.990  5932621.586 
 1581684270.000   556600.192  5932621.366 
 1581684271.000   556600.394  5932621.035 
 1581684272.000   556600.597  5932620.703 
 1581684273.000   556600.732  5932620.483 
 1581684274.000   556600.869  5932620.150 
 1581684275.000   556601.005  5932619.818 
 1581684276.000   556601.142  5932619.486 
 1581684277.000   556601.344  5932619.266 
 1581684278.000   556601.546  5932618.935 
 1581684279.000   556601.748  5932618.715 
 1581684280.000   556601.884  5932618.382 
 1581684281.000   556602.020  5932618.161 
 1581684282.000   556602.221  5932617.941 
 1581684283.000   556602.290  5932617.720 
 1581684284.000   556602.358  5932617.609 
 1581684285.000   556602.358  5932617.609 
 1581684286.000   556602.358  5932617.609 
 1581684287.000   556602.290  5932617.720 
 1581684288.000   556602.356  5932617.720 
 1581684289.000   556602.356  5932617.720 
 1581684290.000   556602.355  5932617.832 
 1581684291.000   556602.355  5932617.832 
 1581684292.000   556602.287  5932617.942 
 1581684293.000   556602.286  5932618.053 
 1581684294.000   556602.285  5932618.165 
 1581684295.000   556602.218  5932618.164 
 1581684296.000   556602.151  5932618.274 
 1581684297.000   556602.083  5932618.385 
 1581684298.000   556601.945  5932618.828 
 1581684299.000   556602.076  5932618.941 
 1581684300.000   556602.074  5932619.163 
 1581684301.000   556602.536  5932619.280 
 1581684302.000   556602.998  5932619.508 
 1581684303.000   556603.328  5932619.624 
 1581684304.000   556603.656  5932619.850 
 1581684305.000   556604.053  5932619.966 
 1581684306.000   556604.383  5932620.081 
 1581684307.000   556604.713  5932620.197 
 1581684308.000   556605.043  5932620.312 
 1581684309.000   556605.306  5932620.426 
 1581684310.000   556605.570  5932620.541 
 1581684311.000   556605.899  5932620.767 
 1581684312.000   556606.096  5932620.881 
 1581684313.000   556606.094  5932621.103 
 1581684314.000   556606.160  5932621.104 
 1581684315.000   556606.160  5932621.104 
 1581684316.000   556606.158  5932621.215 
 1581684317.000   556606.160  5932621.104 
 1581684318.000   556606.226  5932621.105 
 1581684319.000   556606.361  5932620.884 
 1581684320.000   556606.563  5932620.664 
 1581684321.000   556606.832  5932620.333 
 1581684322.000   556607.036  5932619.891 
 1581684323.000   556607.240  5932619.448 
 1581684324.000   556607.443  5932619.117 
 1581684325.000   556607.778  5932618.787 
 1581684326.000   556608.047  5932618.456 
 1581684327.000   556608.316  5932618.126 
 1581684328.000   556608.585  5932617.795 
 1581684329.000   556608.853  5932617.576 
 1581684330.000   556609.122  5932617.245 
 1581684331.000   556609.391  5932616.915 
 1581684332.000   556609.592  5932616.806 
 1581684333.000   556609.656  5932616.918 
 1581684334.000   556609.788  5932617.031 
 1581684335.000   556609.919  5932617.144 
 1581684336.000   556609.985  5932617.144 
 1581684337.000   556610.116  5932617.257 
 1581684338.000   556610.183  5932617.258 
 1581684339.000   556610.248  5932617.370 
 1581684340.000   556610.380  5932617.372 
 1581684341.000   556610.379  5932617.483 
 1581684342.000   556610.379  5932617.483 
 1581684343.000   556610.514  5932617.262 
 1581684344.000   556610.782  5932617.043 
 1581684345.000   556610.986  5932616.600 
 1581684346.000   556611.121  5932616.379 
 1581684347.000   556611.189  5932616.269 
 1581684348.000   556611.256  5932616.158 
 1581684349.000   556611.256  5932616.158 
 1581684350.000   556611.122  5932616.268 
 1581684351.000   556610.794  5932616.041 
 1581684352.000   556610.399  5932615.814 
 1581684353.000   556610.004  5932615.587 
 1581684354.000   556609.544  5932615.248 
 1581684355.000   556609.215  5932615.021 
 1581684356.000   556608.953  5932614.795 
 1581684357.000   556608.624  5932614.569 
 1581684358.000   556608.363  5932614.232 
 1581684359.000   556608.101  5932614.006 
 1581684360.000   556607.838  5932613.781 
 1581684361.000   556607.510  5932613.554 
 1581684362.000   556607.247  5932613.329 
 1581684363.000   556606.985  5932613.103 
 1581684364.000   556606.590  5932612.876 
 1581684365.000   556606.129  5932612.648 
 1581684366.000   556605.866  5932612.422 
 1581684367.000   556605.735  5932612.309 
 1581684368.000   556605.669  5932612.308 
 1581684369.000   556605.602  5932612.307 
 1581684370.000   556605.602  5932612.307 
 1581684371.000   556605.609  5932611.751 
 1581684372.000   556605.345  5932611.637 
 1581684373.000   556605.017  5932611.410 
 1581684374.000   556604.622  5932611.183 
 1581684375.000   556604.293  5932610.957 
 1581684376.000   556603.898  5932610.729 
 1581684377.000   556603.503  5932610.502 
 1581684378.000   556603.108  5932610.275 
 1581684379.000   556602.781  5932609.937 
 1581684380.000   556602.386  5932609.710 
 1581684381.000   556602.057  5932609.483 
 1581684382.000   556601.729  5932609.257 
 1581684383.000   556601.400  5932609.030 
 1581684384.000   556601.139  5932608.693 
 1581684385.000   556600.744  5932608.466 
 1581684386.000   556600.415  5932608.240 
 1581684387.000   556600.088  5932607.902 
 1581684388.000   556599.759  5932607.676 
 1581684389.000   556599.431  5932607.449 
 1581684390.000   556599.102  5932607.223 
 1581684391.000   556598.773  5932606.996 
 1581684392.000   556598.445  5932606.770 
 1581684393.000   556598.117  5932606.432 
 1581684394.000   556597.855  5932606.206 
 1581684395.000   556597.460  5932605.979 
 1581684396.000   556597.131  5932605.753 
 1581684397.000   556596.802  5932605.526 
 1581684398.000   556596.408  5932605.299 
 1581684399.000   556596.079  5932605.072 
 1581684400.000   556595.818  5932604.735 
 1581684401.000   556595.489  5932604.509 
 1581684402.000   556595.160  5932604.282 
 1581684403.000   556594.765  5932604.055 
 1581684404.000   556594.437  5932603.829 
 1581684405.000   556594.107  5932603.713 
 1581684406.000   556593.777  5932603.598 
 1581684407.000   556593.447  5932603.483 
 1581684408.000   556593.183  5932603.369 
 1581684409.000   556592.919  5932603.254 
 1581684410.000   556592.656  5932603.140 
 1581684411.000   556592.326  5932603.025 
 1581684412.000   556592.062  5932602.910 
 1581684413.000   556591.733  5932602.684 
 1581684414.000   556591.403  5932602.568 
 1581684415.000   556591.073  5932602.453 
 1581684416.000   556590.744  5932602.227 
 1581684417.000   556590.414  5932602.112 
 1581684418.000   556590.018  5932601.996 
 1581684419.000   556589.688  5932601.880 
 1581684420.000   556589.358  5932601.765 
 1581684421.000   556589.028  5932601.650 
 1581684422.000   556588.698  5932601.535 
 1581684423.000   556588.303  5932601.307 
 1581684424.000   556587.907  5932601.191 
 1581684425.000   556587.643  5932601.077 
 1581684426.000   556587.446  5932600.963 
 1581684427.000   556587.183  5932600.738 
 1581684428.000   556586.853  5932600.622 
 1581684429.000   556586.457  5932600.506 
 1581684430.000   556586.127  5932600.391 
 1581684431.000   556585.796  5932600.387 
 1581684432.000   556585.532  5932600.273 
 1581684433.000   556585.136  5932600.157 
 1581684434.000   556584.804  5932600.153 
 1581684435.000   556584.539  5932600.150 
 1581684436.000   556584.405  5932600.259 
 1581684437.000   556584.339  5932600.258 
 1581684438.000   556584.140  5932600.256 
 1581684439.000   556583.943  5932600.142 
 1581684440.000   556583.747  5932599.918 
 1581684441.000   556583.417  5932599.802 
 1581684442.000   556583.153  5932599.688 
 1581684443.000   556582.757  5932599.572 
 1581684444.000   556582.427  5932599.457 
 1581684445.000   556582.098  5932599.230 
 1581684446.000   556581.769  5932599.004 
 1581684447.000   556581.505  5932598.889 
 1581684448.000   556581.175  5932598.774 
 1581684449.000   556580.845  5932598.659 
 1581684450.000   556580.515  5932598.544 
 1581684451.000   556580.187  5932598.317 
 1581684452.000   556579.857  5932598.202 
 1581684453.000   556579.593  5932598.088 
 1581684454.000   556579.263  5932597.972 
 1581684455.000   556578.933  5932597.857 
 1581684456.000   556578.671  5932597.631 
 1581684457.000   556578.340  5932597.516 
 1581684458.000   556578.078  5932597.291 
 1581684459.000   556577.748  5932597.175 
 1581684460.000   556577.484  5932597.061 
 1581684461.000   556577.154  5932596.946 
 1581684462.000   556576.891  5932596.831 
 1581684463.000   556576.692  5932596.829 
 1581684464.000   556576.362  5932596.714 
 1581684465.000   556576.098  5932596.599 
 1581684466.000   556575.768  5932596.484 
 1581684467.000   556575.438  5932596.369 
 1581684468.000   556575.042  5932596.253 
 1581684469.000   556574.777  5932596.250 
 1581684470.000   556574.513  5932596.135 
 1581684471.000   556574.249  5932596.021 
 1581684472.000   556573.919  5932595.906 
 1581684473.000   556573.720  5932595.903 
 1581684474.000   556573.522  5932595.901 
 1581684475.000   556573.388  5932596.010 
 1581684476.000   556573.255  5932596.009 
 1581684477.000   556573.255  5932596.009 
 1581684478.000   556573.121  5932596.119 
 1581684479.000   556572.918  5932596.450 
 1581684480.000   556572.782  5932596.782 
 1581684481.000   556572.578  5932597.225 
 1581684482.000   556572.440  5932597.668 
 1581684483.000   556572.236  5932598.111 
 1581684484.000   556572.033  5932598.442 
 1581684485.000   556571.895  5932598.885 
 1581684486.000   556571.759  5932599.218 
 1581684487.000   556571.622  5932599.550 
 1581684488.000   556571.419  5932599.881 
 1581684489.000   556571.283  5932600.213 
 1581684490.000   556571.146  5932600.545 
 1581684491.000   556571.010  5932600.878 
 1581684492.000   556570.873  5932601.210 
 1581684493.000   556570.803  5932601.543 
 1581684494.000   556570.666  5932601.875 
 1581684495.000   556570.530  5932602.207 
 1581684496.000   556570.393  5932602.539 
 1581684497.000   556570.257  5932602.871 
 1581684498.000   556570.121  5932603.092 
 1581684499.000   556570.051  5932603.425 
 1581684500.000   556569.915  5932603.757 
 1581684501.000   556569.778  5932604.089 
 1581684502.000   556569.642  5932604.422 
 1581684503.000   556569.505  5932604.754 
 1581684504.000   556569.368  5932605.086 
 1581684505.000   556569.232  5932605.418 
 1581684506.000   556569.095  5932605.750 
 1581684507.000   556569.024  5932606.194 
 1581684508.000   556568.887  5932606.527 
 1581684509.000   556568.752  5932606.748 
 1581684510.000   556568.682  5932607.080 
 1581684511.000   556568.545  5932607.413 
 1581684512.000   556568.409  5932607.745 
 1581684513.000   556568.338  5932608.078 
 1581684514.000   556568.202  5932608.410 
 1581684515.000   556568.065  5932608.742 
 1581684516.000   556567.995  5932609.075 
 1581684517.000   556567.927  5932609.185 
 1581684518.000   556567.792  5932609.406 
 1581684519.000   556567.589  5932609.738 
 1581684520.000   556567.454  5932609.959 
 1581684521.000   556567.319  5932610.180 
 1581684522.000   556567.183  5932610.512 
 1581684523.000   556567.046  5932610.844 
 1581684524.000   556566.843  5932611.175 
 1581684525.000   556566.707  5932611.507 
 1581684526.000   556566.505  5932611.727 
 1581684527.000   556566.369  5932612.060 
 1581684528.000   556566.166  5932612.391 
 1581684529.000   556566.096  5932612.724 
 1581684530.000   556566.092  5932613.058 
 1581684531.000   556566.021  5932613.391 
 1581684532.000   556565.885  5932613.723 
 1581684533.000   556565.814  5932614.056 
 1581684534.000   556565.744  5932614.389 
 1581684535.000   556565.674  5932614.722 
 1581684536.000   556565.604  5932615.055 
 1581684537.000   556565.533  5932615.388 
 1581684538.000   556565.463  5932615.721 
 1581684539.000   556565.393  5932616.053 
 1581684540.000   556565.321  5932616.498 
 1581684541.000   556565.251  5932616.831 
 1581684542.000   556565.247  5932617.164 
 1581684543.000   556565.178  5932617.386 
 1581684544.000   556565.042  5932617.718 
 1581684545.000   556564.906  5932617.939 
 1581684546.000   556564.771  5932618.160 
 1581684547.000   556564.768  5932618.383 
 1581684548.000   556564.768  5932618.383 
 1581684549.000   556564.768  5932618.383 
 1581684550.000   556564.702  5932618.382 
 1581684551.000   556564.835  5932618.383 
 1581684552.000   556564.965  5932618.607 
 1581684553.000   556565.228  5932618.722 
 1581684554.000   556565.558  5932618.837 
 1581684555.000   556565.887  5932619.064 
 1581684556.000   556566.216  5932619.290 
 1581684557.000   556566.544  5932619.516 
 1581684558.000   556566.873  5932619.743 
 1581684559.000   556567.135  5932619.969 
 1581684560.000   556567.397  5932620.306 
 1581684561.000   556567.658  5932620.642 
 1581684562.000   556567.920  5932620.868 
 1581684563.000   556568.182  5932621.094 
 1581684564.000   556568.445  5932621.319 
 1581684565.000   556568.707  5932621.545 
 1581684566.000   556568.902  5932621.881 
 1581684567.000   556569.164  5932622.107 
 1581684568.000   556569.359  5932622.443 
 1581684569.000   556569.555  5932622.668 
 1581684570.000   556569.750  5932623.004 
 1581684571.000   556569.946  5932623.229 
 1581684572.000   556570.143  5932623.454 
 1581684573.000   556570.405  5932623.680 
 1581684574.000   556570.600  5932624.016 
 1581684575.000   556570.796  5932624.241 
 1581684576.000   556570.991  5932624.577 
 1581684577.000   556571.187  5932624.802 
 1581684578.000   556571.315  5932625.137 
 1581684579.000   556571.511  5932625.362 
 1581684580.000   556571.641  5932625.586 
 1581684581.000   556571.836  5932625.922 
 1581684582.000   556571.966  5932626.146 
 1581684583.000   556572.161  5932626.482 
 1581684584.000   556572.356  5932626.818 
 1581684585.000   556572.550  5932627.154 
 1581684586.000   556572.747  5932627.379 
 1581684587.000   556572.875  5932627.715 
 1581684588.000   556572.937  5932628.049 
 1581684589.000   556573.000  5932628.384 
 1581684590.000   556573.062  5932628.718 
 1581684591.000   556573.124  5932629.053 
 1581684592.000   556573.120  5932629.387 
 1581684593.000   556573.184  5932629.610 
 1581684594.000   556573.182  5932629.721 
 1581684595.000   556573.116  5932629.720 
 1581684596.000   556573.051  5932629.608 
 1581684597.000   556573.050  5932629.719 
 1581684598.000   556573.180  5932629.944 
 1581684599.000   556573.308  5932630.279 
 1581684600.000   556573.503  5932630.615 
 1581684601.000   556573.698  5932630.951 
 1581684602.000   556573.894  5932631.176 
 1581684603.000   556573.959  5932631.288 
 1581684604.000   556573.893  5932631.287 
 1581684605.000   556573.827  5932631.286 
 1581684606.000   556573.693  5932631.396 
 1581684607.000   556573.626  5932631.395 
 1581684608.000   556573.695  5932631.174 
 1581684609.000   556573.766  5932630.841 
 1581684610.000   556573.835  5932630.619 
 1581684611.000   556573.971  5932630.287 
 1581684612.000   556574.040  5932630.065 
 1581684613.000   556574.043  5932629.843 
 1581684614.000   556574.045  5932629.620 
 1581684615.000   556574.047  5932629.509 
 1581684616.000   556573.980  5932629.508 
 1581684617.000   556573.913  5932629.619 
 1581684618.000   556573.847  5932629.618 
 1581684619.000   556573.911  5932629.730 
 1581684620.000   556574.177  5932629.733 
 1581684621.000   556574.442  5932629.736 
 1581684622.000   556574.772  5932629.851 
 1581684623.000   556575.102  5932629.967 
 1581684624.000   556575.433  5932629.971 
 1581684625.000   556575.764  5932629.975 
 1581684626.000   556576.097  5932629.867 
 1581684627.000   556576.428  5932629.871 
 1581684628.000   556576.760  5932629.875 
 1581684629.000   556577.091  5932629.879 
 1581684630.000   556577.422  5932629.883 
 1581684631.000   556577.755  5932629.776 
 1581684632.000   556578.086  5932629.780 
 1581684633.000   556578.418  5932629.784 
 1581684634.000   556578.749  5932629.788 
 1581684635.000   556579.080  5932629.792 
 1581684636.000   556579.412  5932629.796 
 1581684637.000   556579.744  5932629.688 
 1581684638.000   556580.076  5932629.692 
 1581684639.000   556580.407  5932629.696 
 1581684640.000   556580.672  5932629.700 
 1581684641.000   556581.004  5932629.704 
 1581684642.000   556581.269  5932629.707 
 1581684643.000   556581.601  5932629.599 
 1581684644.000   556581.866  5932629.603 
 1581684645.000   556582.196  5932629.718 
 1581684646.000   556582.461  5932629.721 
 1581684647.000   556582.793  5932629.725 
 1581684648.000   556583.058  5932629.728 
 1581684649.000   556583.389  5932629.732 
 1581684650.000   556583.721  5932629.736 
 1581684651.000   556583.984  5932629.851 
 1581684652.000   556584.314  5932629.966 
 1581684653.000   556584.579  5932629.969 
 1581684654.000   556584.911  5932629.973 
 1581684655.000   556585.242  5932629.977 
 1581684656.000   556585.506  5932630.091 
 1581684657.000   556585.837  5932630.095 
 1581684658.000   556586.102  5932630.098 
 1581684659.000   556586.434  5932630.102 
 1581684660.000   556586.765  5932630.106 
 1581684661.000   556587.096  5932630.110 
 1581684662.000   556587.428  5932630.114 
 1581684663.000   556587.691  5932630.229 
 1581684664.000   556588.023  5932630.233 
 1581684665.000   556588.286  5932630.347 
 1581684666.000   556588.618  5932630.351 
 1581684667.000   556588.881  5932630.466 
 1581684668.000   556589.147  5932630.469 
 1581684669.000   556589.478  5932630.473 
 1581684670.000   556589.743  5932630.476 
 1581684671.000   556589.940  5932630.589 
 1581684672.000   556590.204  5932630.704 
 1581684673.000   556590.469  5932630.707 
 1581684674.000   556590.801  5932630.711 
 1581684675.000   556591.066  5932630.714 
 1581684676.000   556591.397  5932630.718 
 1581684677.000   556591.662  5932630.721 
 1581684678.000   556591.993  5932630.725 
 1581684679.000   556592.391  5932630.730 
 1581684680.000   556592.722  5932630.734 
 1581684681.000   556593.055  5932630.627 
 1581684682.000   556593.188  5932630.628 
 1581684683.000   556593.319  5932630.741 
 1581684684.000   556593.317  5932630.853 
 1581684685.000   556593.385  5932630.742 
 1581684686.000   556593.386  5932630.631 
 1581684687.000   556593.455  5932630.409 
 1581684688.000   556593.526  5932630.076 
 1581684689.000   556593.595  5932629.854 
 1581684690.000   556593.665  5932629.522 
 1581684691.000   556593.801  5932629.189 
 1581684692.000   556593.872  5932628.856 
 1581684693.000   556594.007  5932628.635 
 1581684694.000   556594.077  5932628.303 
 1581684695.000   556594.146  5932628.081 
 1581684696.000   556594.081  5932627.969 
 1581684697.000   556594.215  5932627.859 
 1581684698.000   556594.414  5932627.862 
 1581684699.000   556594.614  5932627.753 
 1581684700.000   556594.814  5932627.644 
 1581684701.000   556595.016  5932627.424 
 1581684702.000   556595.283  5932627.204 
 1581684703.000   556595.483  5932627.095 
 1581684704.000   556595.750  5932626.987 
 1581684705.000   556595.885  5932626.767 
 1581684706.000   556596.022  5932626.434 
 1581684707.000   556596.222  5932626.325 
 1581684708.000   556596.357  5932626.105 
 1581684709.000   556596.558  5932625.884 
 1581684710.000   556596.692  5932625.775 
 1581684711.000   556596.829  5932625.443 
 1581684712.000   556596.963  5932625.333 
 1581684713.000   556597.098  5932625.112 
 1581684714.000   556597.232  5932625.002 
 1581684715.000   556597.433  5932624.782 
 1581684716.000   556597.502  5932624.561 
 1581684717.000   556597.702  5932624.452 
 1581684718.000   556597.902  5932624.343 
 1581684719.000   556598.170  5932624.124 
 1581684720.000   556598.370  5932624.015 
 1581684721.000   556598.572  5932623.795 
 1581684722.000   556598.840  5932623.575 
 1581684723.000   556599.107  5932623.356 
 1581684724.000   556599.375  5932623.137 
 1581684725.000   556599.577  5932622.917 
 1581684726.000   556599.778  5932622.696 
 1581684727.000   556599.979  5932622.476 
 1581684728.000   556600.180  5932622.367 
 1581684729.000   556600.381  5932622.147 
 1581684730.000   556600.581  5932622.038 
 1581684731.000   556600.716  5932621.818 
 1581684732.000   556600.852  5932621.597 
 1581684733.000   556601.054  5932621.265 
 1581684734.000   556601.255  5932621.156 
 1581684735.000   556601.456  5932620.936 
 1581684736.000   556601.525  5932620.715 
 1581684737.000   556601.590  5932620.827 
 1581684738.000   556601.656  5932620.827 
 1581684739.000   556601.590  5932620.827 
 1581684740.000   556601.656  5932620.827 
 1581684741.000   556601.656  5932620.827 
 1581684742.000   556601.658  5932620.716 
 1581684743.000   556601.789  5932620.829 
 1581684744.000   556601.919  5932621.053 
 1581684745.000   556602.048  5932621.277 
 1581684746.000   556602.377  5932621.504 
 1581684747.000   556602.641  5932621.618 
 1581684748.000   556602.707  5932621.619 
 1581684749.000   556602.840  5932621.620 
 1581684750.000   556603.040  5932621.512 
 1581684751.000   556603.240  5932621.403 
 1581684752.000   556603.506  5932621.295 
 1581684753.000   556603.773  5932621.187 
 1581684754.000   556604.039  5932621.079 
 1581684755.000   556604.307  5932620.859 
 1581684756.000   556604.573  5932620.751 
 1581684757.000   556604.907  5932620.533 
 1581684758.000   556605.174  5932620.425 
 1581684759.000   556605.442  5932620.205 
 1581684760.000   556605.708  5932620.097 
 1581684761.000   556605.976  5932619.878 
 1581684762.000   556606.242  5932619.770 
 1581684763.000   556606.575  5932619.663 
 1581684764.000   556606.842  5932619.443 
 1581684765.000   556607.109  5932619.335 
 1581684766.000   556607.375  5932619.227 
 1581684767.000   556607.643  5932619.008 
 1581684768.000   556607.909  5932618.900 
 1581684769.000   556608.177  5932618.680 
 1581684770.000   556608.377  5932618.571 
 1581684771.000   556608.511  5932618.462 
 1581684772.000   556608.711  5932618.353 
 1581684773.000   556608.979  5932618.134 
 1581684774.000   556609.112  5932618.135 
 1581684775.000   556609.113  5932618.024 
 1581684776.000   556609.246  5932618.026 
 1581684777.000   556609.513  5932617.806 
 1581684778.000   556609.715  5932617.586 
 1581684779.000   556609.781  5932617.587 
 1581684780.000   556609.648  5932617.585 
 1581684781.000   556609.713  5932617.697 
 1581684782.000   556609.910  5932617.922 
 1581684783.000   556610.041  5932618.035 
 1581684784.000   556610.106  5932618.147 
 1581684785.000   556610.368  5932618.373 
 1581684786.000   556610.567  5932618.375 
 1581684787.000   556610.566  5932618.486 
 1581684788.000   556610.566  5932618.486 
 1581684789.000   556610.501  5932618.374 
 1581684790.000   556610.501  5932618.374 
 1581684791.000   556610.632  5932618.487 
 1581684792.000   556610.766  5932618.378 
 1581684793.000   556610.964  5932618.380 
 1581684794.000   556611.097  5932618.382 
 1581684795.000   556611.165  5932618.271 
 1581684796.000   556611.297  5932618.273 
 1581684797.000   556611.165  5932618.271 
 1581684798.000   556611.363  5932618.273 
 1581684799.000   556611.689  5932618.722 
 1581684800.000   556611.623  5932618.722 
 1581684801.000   556611.557  5932618.721 
 1581684802.000   556611.491  5932618.720 
 1581684803.000   556611.754  5932618.835 
 1581684804.000   556611.888  5932618.725 
 1581684805.000   556611.689  5932618.722 
 1581684806.000   556611.623  5932618.722 
 1581684807.000   556611.623  5932618.722 
 1581684808.000   556611.621  5932618.944 
 1581684809.000   556611.688  5932618.834 
 1581684810.000   556611.952  5932618.948 
 1581684811.000   556612.017  5932619.060 
 1581684812.000   556612.082  5932619.172 
 1581684813.000   556612.148  5932619.173 
 1581684814.000   556612.212  5932619.396 
 1581684815.000   556612.410  5932619.399 
 1581684816.000   556612.277  5932619.508 
 1581684817.000   556612.145  5932619.396 
 1581684818.000   556612.013  5932619.394 
 1581684819.000   556612.079  5932619.395 
 1581684820.000   556611.883  5932619.170 
 1581684821.000   556611.951  5932619.059 
 1581684822.000   556611.753  5932618.946 
 1581684823.000   556611.556  5932618.832 
 1581684824.000   556611.424  5932618.719 
 1581684825.000   556611.953  5932618.837 
 1581684826.000   556612.285  5932618.841 
 1581684827.000   556612.876  5932619.293 
 1581684828.000   556612.941  5932619.405 
 1581684829.000   556612.743  5932619.291 
 1581684830.000   556612.743  5932619.291 
 1581684831.000   556612.743  5932619.291 
 1581684832.000   556612.678  5932619.179 
 1581684833.000   556612.678  5932619.179 
 1581684834.000   556612.678  5932619.179 
 1581684835.000   556612.744  5932619.180 
 1581684836.000   556612.746  5932619.069 
 1581684837.000   556612.681  5932618.957 
 1581684838.000   556612.681  5932618.957 
 1581684839.000   556612.681  5932618.957 
 1581684840.000   556612.681  5932618.957 
 1581684841.000   556612.679  5932619.068 
 1581684842.000   556612.679  5932619.068 
 1581684843.000   556612.679  5932619.068 
 1581684844.000   556612.678  5932619.179 
 1581684845.000   556612.744  5932619.180 
 1581684846.000   556612.744  5932619.180 
 1581684847.000   556612.678  5932619.179 
 1581684848.000   556612.678  5932619.179 
 1581684849.000   556612.678  5932619.179 
 1581684850.000   556612.678  5932619.179 
 1581684851.000   556612.677  5932619.291 
 1581684852.000   556612.675  5932619.402 
 1581684853.000   556612.675  5932619.402 
 1581684854.000   556612.740  5932619.514 
 1581684855.000   556612.739  5932619.625 
 1581684856.000   556612.804  5932619.737 
 1581684857.000   556612.804  5932619.737 
 1581684858.000   556612.803  5932619.848 
 1581684859.000   556612.868  5932619.960 
 1581684860.000   556612.934  5932619.961 
 1581684861.000   556612.934  5932619.961 
 1581684862.000   556612.934  5932619.961 
 1581684863.000   556612.999  5932620.073 
 1581684864.000   556612.999  5932620.073 
 1581684865.000   556612.999  5932620.073 
 1581684866.000   556612.934  5932619.961 
 1581684867.000   556612.868  5932619.960 
 1581684868.000   556612.800  5932620.071 
 1581684869.000   556612.800  5932620.071 
 1581684870.000   556612.734  5932620.070 
 1581684871.000   556612.734  5932620.070 
 1581684872.000   556612.732  5932620.181 
 1581684873.000   556612.734  5932620.070 
 1581684874.000   556612.734  5932620.070 
 1581684875.000   556612.734  5932620.070 
 1581684876.000   556612.800  5932620.071 
 1581684877.000   556612.800  5932620.071 
 1581684878.000   556612.866  5932620.072 
 1581684879.000   556612.933  5932620.073 
 1581684880.000   556612.933  5932620.073 
 1581684881.000   556612.999  5932620.073 
 1581684882.000   556613.065  5932620.074 
 1581684883.000   556613.064  5932620.185 
 1581684884.000   556613.130  5932620.186 
 1581684885.000   556613.195  5932620.298 
 1581684886.000   556613.261  5932620.299 
 1581684887.000   556613.394  5932620.301 
 1581684888.000   556613.526  5932620.302 
 1581684889.000   556613.591  5932620.414 
 1581684890.000   556613.657  5932620.415 
 1581684891.000   556613.724  5932620.416 
 1581684892.000   556613.724  5932620.416 
 1581684893.000   556613.856  5932620.417 
 1581684894.000   556613.923  5932620.418 
 1581684895.000   556614.055  5932620.420 
 1581684896.000   556614.055  5932620.420 
 1581684897.000   556614.121  5932620.421 
 1581684898.000   556614.120  5932620.532 
 1581684899.000   556614.120  5932620.532 
 1581684900.000   556614.119  5932620.643 
 1581684901.000   556614.119  5932620.643 
 1581684902.000   556614.119  5932620.643 
 1581684903.000   556614.117  5932620.754 
 1581684904.000   556614.117  5932620.754 
 1581684905.000   556614.051  5932620.754 
 1581684906.000   556614.051  5932620.754 
 1581684907.000   556614.051  5932620.754 
 1581684908.000   556613.985  5932620.753 
 1581684909.000   556613.985  5932620.753 
 1581684910.000   556613.984  5932620.864 
 1581684911.000   556613.984  5932620.864 
 1581684912.000   556613.982  5932620.975 
 1581684913.000   556613.982  5932620.975 
 1581684914.000   556614.047  5932621.087 
 1581684915.000   556614.047  5932621.087 
 1581684916.000   556614.047  5932621.087 
 1581684917.000   556614.113  5932621.088 
 1581684918.000   556614.180  5932621.089 
 1581684919.000   556614.245  5932621.201 
 1581684920.000   556614.245  5932621.201 
 1581684921.000   556614.245  5932621.201 
 1581684922.000   556614.310  5932621.313 
 1581684923.000   556614.310  5932621.313 
 1581684924.000   556614.310  5932621.313 
 1581684925.000   556614.310  5932621.313 
 1581684926.000   556614.242  5932621.423 
 1581684927.000   556614.242  5932621.423 
 1581684928.000   556614.307  5932621.535 
 1581684929.000   556614.307  5932621.535 
 1581684930.000   556614.373  5932621.536 
 1581684931.000   556614.372  5932621.648 
 1581684932.000   556614.372  5932621.648 
 1581684933.000   556614.373  5932621.536 
 1581684934.000   556614.307  5932621.535 
 1581684935.000   556614.241  5932621.535 
 1581684936.000   556614.174  5932621.534 
 1581684937.000   556614.176  5932621.423 
 1581684938.000   556614.109  5932621.422 
 1581684939.000   556614.043  5932621.421 
 1581684940.000   556613.977  5932621.420 
 1581684941.000   556613.978  5932621.309 
 1581684942.000   556613.912  5932621.308 
 1581684943.000   556613.912  5932621.308 
 1581684944.000   556613.846  5932621.307 
 1581684945.000   556613.846  5932621.307 
 1581684946.000   556613.846  5932621.307 
 1581684947.000   556613.847  5932621.196 
 1581684948.000   556613.847  5932621.196 
 1581684949.000   556613.847  5932621.196 
 1581684950.000   556613.847  5932621.196 
 1581684951.000   556613.913  5932621.197 
 1581684952.000   556613.912  5932621.308 
 1581684953.000   556613.912  5932621.308 
 1581684954.000   556613.978  5932621.309 
 1581684955.000   556613.978  5932621.309 
 1581684956.000   556614.044  5932621.310 
 1581684957.000   556614.044  5932621.310 
 1581684958.000   556614.044  5932621.310 
 1581684959.000   556614.109  5932621.422 
 1581684960.000   556614.109  5932621.422 
 1581684961.000   556614.043  5932621.421 
 1581684962.000   556614.043  5932621.421 
 1581684963.000   556614.043  5932621.421 
 1581684964.000   556614.044  5932621.310 
 1581684965.000   556614.112  5932621.199 
 1581684966.000   556614.113  5932621.088 
 1581684967.000   556614.113  5932621.088 
 1581684968.000   556614.113  5932621.088 
 1581684969.000   556614.113  5932621.088 
 1581684970.000   556614.115  5932620.977 
 1581684971.000   556614.116  5932620.866 
 1581684972.000   556614.117  5932620.754 
 1581684973.000   556614.119  5932620.643 
 1581684974.000   556614.052  5932620.642 
 1581684975.000   556613.988  5932620.530 
 1581684976.000   556613.989  5932620.419 
 1581684977.000   556613.990  5932620.308 
 1581684978.000   556613.925  5932620.196 
 1581684979.000   556613.860  5932620.084 
 1581684980.000   556613.794  5932620.083 
 1581684981.000   556613.729  5932619.971 
 1581684982.000   556613.663  5932619.970 
